[6.751594438808979, 40.43172740524892, 6.835837165797914, 1.0]
[6.776178150180698, 40.41564621434961, 6.790153071908998, 1.0]
[6.801790254127923, 40.39428886565719, 6.73987500722639, 1.0]
[6.834583076126535, 40.374446682032755, 6.68075717087914, 1.0]
[6.867992933670479, 40.35143880373249, 6.618882952055676, 1.0]
[6.901586659474987, 40.32497658751157, 6.553398505816517, 1.0]
[6.942794270615593, 40.30031817960338, 6.479928132852185, 1.0]
[6.977827746025866, 40.26646934247219, 6.408012127501884, 1.0]
[7.02598858644825, 40.241982224828575, 6.3239293437746635, 1.0]
[7.068408458424955, 40.208593321206706, 6.242254772600987, 1.0]
[7.117597691422873, 40.17883004577004, 6.153578018080104, 1.0]
[7.160840277460039, 40.141220215913734, 6.0682282702714705, 1.0]
[7.2104190572337075, 40.10694737099783, 5.9750224941761285, 1.0]
[7.260842361322176, 40.07085270620951, 5.880832974702852, 1.0]
[7.317396180632102, 40.0391502579202, 5.7797062211016, 1.0]
[7.368436520265959, 39.99988989845593, 5.682760319152109, 1.0]
[7.425401696606059, 39.966076987049405, 5.579795977233394, 1.0]
[7.476853393270119, 39.92470616446798, 5.481012486966424, 1.0]
[7.5342299266404495, 39.8887827899442, 5.376210556730243, 1.0]
[7.5852484560197695, 39.84712332411797, 5.276573221523789, 1.0]
[7.642830667905173, 39.81014471803559, 5.170852497128875, 1.0]
[7.700207201275504, 39.77422134351181, 5.066050566892679, 1.0]
[7.751864576454693, 39.731795289371775, 4.96634828246699, 1.0]
[7.809241109824967, 39.69587191484797, 4.861546352230782, 1.0]
[7.860053960689214, 39.65526768058041, 4.762827811183074, 1.0]
[7.917224815544444, 39.62039953761524, 4.658944675105625, 1.0]
[7.968265155178301, 39.581139178151005, 4.561998773156134, 1.0]
[8.02481897448817, 39.54943672986167, 4.460872019554884, 1.0]
[8.075242278576724, 39.513342065073346, 4.366682500081591, 1.0]
[8.124821058350335, 39.47906922015744, 4.273476723986265, 1.0]
[8.168269322902603, 39.440404158742524, 4.187208182018884, 1.0]
[8.217458555900492, 39.41064088330583, 4.098531427498029, 1.0]
[8.259445260592543, 39.37696333643922, 4.016003011384823, 1.0]
[8.308244946814739, 39.351709630481764, 3.9318552784383716, 1.0]
[8.348997580416153, 39.324363472966866, 3.8548396272775634, 1.0]
[8.383847187565806, 39.29396897375625, 3.7865338493429714, 1.0]
[8.424004595876369, 39.272187617279144, 3.714966013915353, 1.0]
[8.457620131935442, 39.24812450742024, 3.652173000933143, 1.0]
[8.457620131935442, 39.24812450742024, 3.652173000933143, 1.0]
[8.532627147395658, 39.19594865173258, 3.512299387570936, 1.0]
[8.598580527914066, 39.14935560864245, 3.3868432600450404, 1.0]
[8.657829978174846, 39.106334256453096, 3.2764636156372013, 1.0]
[8.708437150523963, 39.06678525374414, 3.1786638687482256, 1.0]
[8.75696572746753, 39.03538946025941, 3.0873606301895986, 1.0]
[8.79854107512935, 39.003822376510016, 3.0066698023938585, 1.0]
[8.840160043300159, 38.97705350548458, 2.9313618411120768, 1.0]
[8.874165126134898, 38.94848082614644, 2.8640398065554233, 1.0]
[8.913478010130518, 38.92852128954186, 2.7934557145058, 1.0]
[8.947299224704722, 38.90340294812435, 2.729743907364858, 1.0]
[8.980481593478999, 38.87905119502068, 2.666097049443179, 1.0]
[9.014075319283535, 38.85258897879979, 2.600612603204004, 1.0]
[9.05507725190904, 38.828985802450205, 2.528061024398408, 1.0]
[9.089905048804184, 38.79619219687763, 2.457063813206865, 1.0]
[9.13847724625677, 38.76959461611679, 2.3711434411621806, 1.0]
[9.13847724625677, 38.76959461611679, 2.3711434411621806, 1.0]
[9.181308475263734, 38.7340952493777, 2.287631281670995, 1.0]
[9.230497708261652, 38.70433197394104, 2.1989545271501125, 1.0]
[9.272895769983904, 38.66854396395718, 2.1145885227194565, 1.0]
[9.322085002981794, 38.638780688520484, 2.0259117681985597, 1.0]
[9.371913081779525, 38.60825082477001, 1.9371700644584458, 1.0]
[9.420669147492731, 38.578198906088545, 1.8476394649980499, 1.0]
[9.46413922229948, 38.54193295103556, 1.7640623562876723, 1.0]
[9.512895288012686, 38.511881032354154, 1.6745317568272906, 1.0]
[9.562723366810474, 38.481351168603624, 1.5857900530871465, 1.0]
[9.60576027433251, 38.4447965703059, 1.5013590994372557, 1.0]
[9.655588353130241, 38.41426670655537, 1.4126173956971417, 1.0]
[9.70498326464326, 38.383448199560064, 1.323021847017511, 1.0]
[9.748020172165269, 38.346893601262366, 1.238590893367622, 1.0]
[9.797848250963057, 38.31636373751181, 1.1498491896275045, 1.0]
[9.840885158485094, 38.27980913921411, 1.0654182359776172, 1.0]
[9.840885158485094, 38.27980913921411, 1.0654182359776172, 1.0]
[9.890280069998084, 38.248990632218806, 0.9758226872979741, 1.0]
[9.934388990604702, 38.21195808885196, 0.8921806293683634, 1.0]
[9.984422747917563, 38.18037299354279, 0.8025201314695156, 1.0]
[10.028531668524153, 38.14334045017597, 0.7188780735398623, 1.0]
[10.072207421846059, 38.10601926356438, 0.6343821706707402, 1.0]
[10.122241179158891, 38.07443416825521, 0.5447216727719049, 1.0]
[10.166350099765452, 38.03740162488836, 0.46107961484223736, 1.0]
[10.210025853087359, 38.0000804382768, 0.37658371197311524, 1.0]
[10.253701606409265, 37.962759251665176, 0.29208780910399135, 1.0]
[10.303735363722069, 37.931174156356036, 0.20242731120515778, 1.0]
[10.346772271244106, 37.89461955805831, 0.11799635755522431, 1.0]
[10.390448024566012, 37.85729837144669, 0.03350045468611462, 1.0]
[10.432846086288265, 37.821510361462856, -0.050865549744555594, 1.0]
[10.481168984716703, 37.7911697995367, -0.14124999414443629, 1.0]
[10.523567046438927, 37.75538178955287, -0.2256159985750763, 1.0]
[10.523567046438927, 37.75538178955287, -0.2256159985750763, 1.0]
[10.564893095076627, 37.72007172463816, -0.3107708987260409, 1.0]
[10.605785976429587, 37.684473016478705, -0.3967796438164477, 1.0]
[10.652398015973688, 37.65537698793554, -0.48788803471737374, 1.0]
[10.692013205726965, 37.621311456403845, -0.5737668813693393, 1.0]
[10.731628395480271, 37.58724592487215, -0.6596457280213226, 1.0]
[10.771243585233549, 37.5531803933404, -0.7455245746732597, 1.0]
[10.816783611693154, 37.524562309866354, -0.8374218612944659, 1.0]
[10.85639880144646, 37.49049677833466, -0.9233007079464333, 1.0]
[10.895375145399953, 37.45719783511683, -1.0091146053791675, 1.0]
[10.93499033515323, 37.42313230358508, -1.094993452031133, 1.0]
[10.980324683097649, 37.39556945166967, -1.185971944493593, 1.0]
[11.019939872850983, 37.361503920138006, -1.271850791145532, 1.0]
[11.059988229889, 37.327727031851, -1.3568757928580126, 1.0]
[11.106394590917972, 37.29968623486644, -1.4470653896001942, 1.0]
[11.1475149610406, 37.26543140151034, -1.5313014955923965, 1.0]
[11.1475149610406, 37.26543140151034, -1.5313014955923965, 1.0]
[11.194787656639022, 37.23796789101527, -1.619783402455564, 1.0]
[11.23526918096178, 37.204479645973095, -1.7039545592285048, 1.0]
[11.282541876560174, 37.17701613547803, -1.7924364660917131, 1.0]
[11.3234565681677, 37.143816533680535, -1.875753777925171, 1.0]
[11.370090417966253, 37.11711961149939, -1.9641707355691462, 1.0]
[11.411005109573722, 37.0839200097019, -2.047488047402574, 1.0]
[11.458710972456885, 37.056745142451575, -2.135116109326285, 1.0]
[11.506416835340076, 37.02957027520125, -2.2227441712499534, 1.0]
[11.547764694232256, 36.99665931664856, -2.3052076381439246, 1.0]
[11.596109402915204, 36.96871786108437, -2.392900649286826, 1.0]
[11.645526124682789, 36.94029846045106, -2.47980476470949, 1.0]
[11.688584842459363, 36.9061429685153, -2.561544285102416, 1.0]
[11.739279255826517, 36.876190391254255, -2.648578298963548, 1.0]
[11.783615665202746, 36.84050172269076, -2.730447717794954, 1.0]
[11.835382091654452, 36.810071200360596, -2.8166928359357932, 1.0]
[11.835382091654452, 36.810071200360596, -2.8166928359357932, 1.0]
[11.881862527199786, 36.77342664165883, -2.896984463326655, 1.0]
[11.935339812535886, 36.74175158594565, -2.9825056349664756, 1.0]
[11.982892261165745, 36.70462908217479, -3.062008366637073, 1.0]
[12.037874726871138, 36.67276472463723, -3.1458867976171145, 1.0]
[12.087138034385362, 36.63439768748333, -3.2246655827866793, 1.0]
[12.14339819169038, 36.60100015331804, -3.3086739122051885, 1.0]
[12.193733512289157, 36.56215517109504, -3.3866638016545014, 1.0]
[12.250632515394017, 36.52799104861586, -3.4707370802922455, 1.0]
[12.301173514507894, 36.48809083483425, -3.5496457639002905, 1.0]
[12.3517145136218, 36.44819062105262, -3.628554447508309, 1.0]
[12.408819195241762, 36.412971267014825, -3.713546520304785, 1.0]
[12.459565872870712, 36.37201582167458, -3.793373998071564, 1.0]
[12.50987938321498, 36.33077173308962, -3.8740553207778277, 1.0]
[12.566323408780619, 36.29391986100373, -3.961673877612032, 1.0]
[12.616409430355247, 36.251331897615415, -4.044127839416541, 1.0]
[12.65655367216408, 36.21135035397319, -4.116563438520728, 1.0]
[12.696102688682146, 36.17693361136887, -4.18355122189171, 1.0]
[12.733551299540125, 36.14827097162669, -4.246733930189306, 1.0]
[12.763591703577106, 36.116749292013225, -4.302849505920477, 1.0]
[12.793859596383726, 36.086571487203116, -4.357192442553405, 1.0]
[12.823055476105736, 36.05687162746213, -4.412324274906625, 1.0]
[12.853095880142746, 36.02534994784867, -4.468439850637768, 1.0]
[12.88354764120993, 35.99171780511796, -4.526393014686436, 1.0]
[12.92138579884363, 35.958545595896624, -4.594104744558448, 1.0]
[12.96089119485265, 35.91933064056829, -4.666475394443401, 1.0]
[13.002908353551959, 35.87225111926051, -4.744488707719203, 1.0]
[13.059286948354014, 35.828201928088646, -4.840181564324345, 1.0]
[13.11836117410698, 35.77283383301682, -4.945127311736032, 1.0]
[13.187127880601565, 35.711116337033445, -5.064555494203269, 1.0]
[13.265359579068274, 35.64170556533523, -5.200238750824287, 1.0]
[13.35453963962172, 35.56201310973583, -5.353225774196254, 1.0]
[13.391393025188904, 35.53891527103147, -5.41096066676066, 1.0]
[13.422505442310438, 35.50691564634889, -5.466287346771582, 1.0]
[13.460387220453185, 35.47854164985148, -5.528616210129664, 1.0]
[13.499524879940992, 35.44623537036438, -5.59376640518318, 1.0]
[13.538435050659217, 35.412585216073865, -5.660689239334969, 1.0]
[13.578395424207457, 35.37605801035227, -5.729514611023429, 1.0]
[13.625764004576752, 35.34238984450201, -5.80540711527833, 1.0]
[13.667185937985266, 35.30087512423211, -5.877972612820953, 1.0]
[13.714738386615096, 35.26375262046122, -5.9574753444915505, 1.0]
[13.76334103807497, 35.22375306525922, -6.0388806136988595, 1.0]
[13.812149368050001, 35.18269827849866, -6.121204677064874, 1.0]
[13.861163376540105, 35.14058826017944, -6.204447534589647, 1.0]
[13.917585591851207, 35.10133728173153, -6.294757524680833, 1.0]
[13.967649803171355, 35.05635021198128, -6.3799029197422925, 1.0]
[14.024483375512688, 35.01498877041615, -6.472050498150958, 1.0]
[14.07516462237811, 34.96683600598996, -6.55995227568863, 1.0]
[14.132409551749618, 34.92336410130761, -6.65393744241476, 1.0]
[14.190293326920994, 34.8791256083114, -6.7479875583601086, 1.0]
[14.240952763531908, 34.82857373752327, -6.838580769154744, 1.0]
[14.299042217218386, 34.78328001296845, -6.933549679258855, 1.0]
[14.356698503620123, 34.73769764516882, -7.02937243430245, 1.0]
[14.414993635821645, 34.69134868905536, -7.125260138565267, 1.0]
[14.472855600738512, 34.644711089697154, -7.2220016877675945, 1.0]
[14.531150732940034, 34.59836213358369, -7.3178893920304375, 1.0]
[14.589445865141613, 34.55201317747026, -7.413777096293252, 1.0]
[14.640744147552368, 34.50069471836824, -7.504435256307136, 1.0]
[14.699039279753947, 34.454345762254775, -7.600322960569967, 1.0]
[14.756056720355843, 34.40952998276907, -7.696080766394342, 1.0]
[14.814579341327033, 34.36452490145899, -7.7901958315589255, 1.0]
[14.8713911034138, 34.32076435353187, -7.88503484322454, 1.0]
[14.922711196079092, 34.27184500079187, -7.973001569981445, 1.0]
[14.979544768420396, 34.23048355922671, -8.06514914839011, 1.0]
[15.030020336770747, 34.18338602635919, -8.152132131769035, 1.0]
[15.086442552081877, 34.144135047911334, -8.24244212186022, 1.0]
[15.136301084886895, 34.10020320971961, -8.326668722762975, 1.0]
[15.185315093377, 34.05809319140039, -8.409911580287723, 1.0]
[15.233917744836873, 34.018093636198415, -8.491316849495016, 1.0]
[15.282314717781674, 33.97914931255508, -8.571803324543579, 1.0]
[15.330300333696272, 33.942315452028964, -8.650452211274692, 1.0]
[15.37787459258061, 33.90759205462004, -8.727263509688322, 1.0]
[15.418246323159082, 33.86895438578122, -8.797926469694263, 1.0]
[15.464359022183203, 33.83921850292069, -8.870997642253702, 1.0]
[15.503702360186168, 33.80585699187492, -8.937066631465964, 1.0]
[15.543067508443642, 33.77489458719117, -9.000444187421277, 1.0]
[15.573952436795537, 33.74155108770523, -9.0575435065304, 1.0]
[15.611217179392924, 33.716342785883654, -9.117115987412301, 1.0]
[15.641506882454053, 33.68856408743551, -9.168767490788264, 1.0]
[15.67117954996985, 33.66395108366322, -9.217662611688041, 1.0]
[15.699802014655631, 33.642215131322075, -9.264655195051093, 1.0]
[15.727601765280951, 33.62470010521537, -9.307972601779227, 1.0]
