6.756109891175242,40.42879655624486,6.826889625786489,1.0
6.7806960402714935,40.41270563206763,6.781203657062262,1.0
6.806307743239103,40.39134952020282,6.730933069088509,1.0
6.839100739898242,40.37149045734762,6.671814466780743,1.0
6.872518146148963,40.348484252928216,6.609940018054793,1.0
6.9061043505356,40.322022870347666,6.54446552313412,1.0
6.9473177555505,40.29735782262361,6.4709950925729025,1.0
6.982343498857546,40.263505855490905,6.399085306412097,1.0
7.030522165066486,40.239013877535456,6.315000738897272,1.0
7.0729330583391175,40.205612362471356,6.233331622649457,1.0
7.122137278419473,40.17585519682842,6.144662435885124,1.0
7.1653698692893215,40.13823509101775,6.059320016140779,1.0
7.214953016280475,40.103943947289935,5.966111426944037,1.0
7.265383173629175,40.06785449348027,5.8719192552741255,1.0
7.321937485536864,40.03613919868576,5.770802007981011,1.0
7.372982388817377,39.996873402367385,5.673868757145234,1.0
7.429957254042591,39.96305756294959,5.570906979186889,1.0
7.481406396994146,39.921678069211,5.472124046942074,1.0
7.538792111017983,39.88575293441994,5.367325617235473,1.0
7.589811660679146,39.84408730763138,5.267695757040963,1.0
7.647394662708649,39.80709072365798,5.161979870256003,1.0
7.704780376732458,39.771165588866864,5.0571814405493996,1.0
7.756426766830629,39.72873509614044,4.957474162890856,1.0
7.813802776335649,39.692801210599384,4.8526836121011865,1.0
7.864634783369013,39.65219533354866,4.753970218403461,1.0
7.921806936599921,39.617308044948544,4.650090983366772,1.0
7.9728354853749295,39.5780495460277,4.553145693451803,1.0
8.02939950180155,39.54634300198322,4.4520205672417585,1.0
8.079829700009242,39.51023309797904,4.357835283907189,1.0
8.129409710749997,39.47595805574261,4.264640714952799,1.0
8.172858998663258,39.43728400224964,4.178365080296205,1.0
8.22205351422474,39.40751808585668,4.089703772448816,1.0
8.264037909598244,39.373834786445656,4.0071668196736105,1.0
8.3128403208529,39.348573593849295,3.923025743272447,1.0
8.353598778958087,39.32122258260503,3.8460117754028182,1.0
8.388446019610342,39.29081704288342,3.7777099143536947,1.0
8.428611990011689,39.269037855915,3.706154543586374,1.0
8.462226684268046,39.24496020231328,3.643362637782065,1.0
8.462226684268046,39.24496020231328,3.643362637782065,1.0
8.537242990712969,39.192779824326294,3.5034844973879107,1.0
8.603202302987143,39.14618199659054,3.37803659329283,1.0
8.662444308452592,39.10315976103871,3.267671699455102,1.0
8.71304640018758,39.06359902757646,3.1698654613481008,1.0
8.76158211256515,39.03219374460426,3.078571931945241,1.0
8.803162268267613,39.00062414261342,2.997884660579084,1.0
8.844786522081137,38.9738497995161,2.9225775782696104,1.0
8.878793320644348,38.94526742211775,2.855265441019064,1.0
8.918105630701604,38.925302593378746,2.7846737347287913,1.0
8.951933885750975,38.900187093586055,2.7209626342545974,1.0
8.985118986716856,38.87582330693431,2.6573238005005795,1.0
9.018714895622367,38.849370675103756,2.5918414266629597,1.0
9.059704994466415,38.8257551730151,2.519291181353232,1.0
9.094543195145718,38.792962955620226,2.448297861689209,1.0
9.143123005634436,38.76635293154152,2.3623845213430457,1.0
9.143123005634436,38.76635293154152,2.3623845213430457,1.0
9.185954452224564,38.73085087185416,2.2788708744300266,1.0
9.235142358658436,38.7010805534143,2.1901965369218743,1.0
9.277544211958173,38.66529236067689,2.1058359620591602,1.0
9.326741863770025,38.63551034279257,2.0171606339694197,1.0
9.376563219768485,38.6049795604618,1.9284219086579828,1.0
9.425321532912022,38.574923108971944,1.8389006432001356,1.0
9.468796174444577,38.53864888594913,1.7553216179022577,1.0
9.517554487588058,38.508592434459274,1.6658003524444247,1.0
9.567385588964498,38.47804995268402,1.5770606365513977,1.0
9.610430637206605,38.441489596611234,1.4926346833038249,1.0
9.660251993205094,38.41095881428046,1.4038959579924146,1.0
9.709653501291086,38.38013019945515,1.3143093141496944,1.0
9.752698549533221,38.3435698433824,1.229883360902134,1.0
9.80251990553171,38.3130390610516,1.1411446355906971,1.0
9.84555834464635,38.27647430293189,1.0567056526823873,1.0
9.84555834464635,38.27647430293189,1.0567056526823873,1.0
9.894959852732285,38.245645688106634,0.9671190088396671,1.0
9.9390679438294,38.208611001192935,0.8834755957385152,1.0
9.989102901479896,38.17702192247668,0.793824564092537,1.0
10.033220737954935,38.13997553611853,0.710180160409811,1.0
10.07689923576163,38.1026547161548,0.6256898193589802,1.0
10.126934193412126,38.07106563743861,0.5360387877129877,1.0
10.171042284509241,38.03403095052494,0.45239537461183765,1.0
10.214720782315936,37.99671013056118,0.367905033561005,1.0
10.258402416372974,37.959373209106076,0.2834006722678364,1.0
10.308437374023526,37.92778413038985,0.1937496406218422,1.0
10.351472717746844,37.89121502356707,0.10933156629122998,1.0
10.395144606425959,37.85388980155642,0.024828195579635448,1.0
10.437546459725638,37.818101608819035,-0.05953237928307864,1.0
10.48586857045126,37.78775462223223,-0.1499136023513845,1.0
10.52827042375091,37.75196642949484,-0.23427417721407018,1.0
10.52827042375091,37.75196642949484,-0.23427417721407018,1.0
10.569602625068114,37.71664816555145,-0.3194303218839565,1.0
10.61050523309487,37.681043768558055,-0.40543339450352356,1.0
10.657114496895474,37.651938874100665,-0.4965448089941411,1.0
10.696730715037347,37.6178788037781,-0.5824171248439871,1.0
10.73634697403827,37.58379828326102,-0.668282552358491,1.0
10.775956583052562,37.549733810891496,-0.7541678978690864,1.0
10.821502803998214,37.52110324727505,-0.8460618525061268,1.0
10.861119022140088,37.487043176952454,-0.9319341683559728,1.0
10.900101790717372,37.45374357052077,-1.0177420964025483,1.0
10.939721145109615,37.41966739870679,-1.103628432494748,1.0
10.985060373530757,37.39209953352267,-1.1945970511364692,1.0
11.024679727922972,37.35802336170866,-1.280483387228669,1.0
11.06473214848279,37.32425382648299,-1.3654957454680705,1.0
11.111144165136807,37.29619993101349,-1.4556828145449572,1.0
11.152253060283101,37.26193121270552,-1.5399187739633557,1.0
11.152253060283101,37.26193121270552,-1.5399187739633557,1.0
11.199537440913957,37.234478837624295,-1.6283928161546992,1.0
11.24001288649572,37.200970583207294,-1.7125643877698113,1.0
11.287297267126547,37.1735182081261,-1.801038429961153,1.0
11.32820891512631,37.14030048880599,-1.8843500439658367,1.0
11.374853237065054,37.11360417556878,-1.9727727280146699,1.0
11.415764885064789,37.080386456248704,-2.0560843420193393,1.0
11.463478858986036,37.053220214217504,-2.1437114562610002,1.0
11.51119287376639,37.02603352199182,-2.231331682167305,1.0
11.552530978806146,36.99311803721315,-2.3137823479799255,1.0
11.600881538542353,36.965175229799655,-2.401487870267225,1.0
11.650308400247667,36.936746445444584,-2.488377904751202,1.0
11.69337219298157,36.902581517795056,-2.5701202783008092,1.0
11.744059344688424,36.872627403611204,-2.6571521180521067,1.0
11.788406391056924,36.83693425078232,-2.7390112281290833,1.0
11.840166330996652,36.80649410631307,-2.825261518315532,1.0
11.840166330996652,36.80649410631307,-2.825261518315532,1.0
11.886655817580504,36.769844994404735,-2.905543509020502,1.0
11.940128604445164,36.73816275780612,-2.9910636077846515,1.0
11.987681174743102,36.70101886486242,-3.0705561700078547,1.0
12.042669520527028,36.66916598531674,-3.1544286202713057,1.0
12.091928328622345,36.63077559819669,-3.233204020732959,1.0
12.148196455163713,36.59737398993326,-3.3172202574268947,1.0
12.198524915241507,36.558513674019224,-3.39520008808136,1.0
12.25543310047496,36.52435600391175,-3.479267682917804,1.0
12.30595880769937,36.484444689009905,-3.5581718589860003,1.0
12.356510573948043,36.44453482746047,-3.637071874891955,1.0
12.413616047187162,36.40930570817068,-3.722056926806772,1.0
12.464365060582423,36.36834484763338,-3.801881288126456,1.0
12.51467787155974,36.32709345199916,-3.882565607056584,1.0
12.571114796237111,36.290236665574554,-3.9701818899452554,1.0
12.621211615576016,36.247640840504914,-4.05262544315962,1.0
12.66135368228899,36.20764666502237,-4.125055284654557,1.0
12.700906356689472,36.17322866251871,-4.192047437624854,1.0
12.738341239088925,36.144564826682426,-4.2552276514119995,1.0
12.768391717786812,36.11303171146528,-4.311334095973249,1.0
12.798648442745161,36.082854725128044,-4.365680315668676,1.0
12.827842124848587,36.05315206963172,-4.42080907551054,1.0
12.857895698937796,36.02162330311762,-4.4769364286495,1.0
12.88834728105644,35.987992591971675,-4.534878534377434,1.0
12.926177404013117,35.95480793084744,-4.602592999853126,1.0
12.965676275783608,35.915585918700316,-4.674957462963203,1.0
13.007694042975857,35.86851214395699,-4.7529695264231435,1.0
13.06407787042815,35.824452970771176,-4.848650568648052,1.0
13.123152527688575,35.7690707553366,-4.95359327765993,1.0
13.191924237811804,35.70734992780686,-5.07301758111339,1.0
13.270154086385503,35.63792850390263,-5.2087008936972214,1.0
13.359322574190912,35.55822725945666,-5.36168429735255,1.0
13.39618445964237,35.53511184900725,-5.419407895200566,1.0
13.427288235817343,35.503116102393676,-5.4747308090338045,1.0
13.46517877053148,35.47473985295983,-5.537059934709012,1.0
13.504310891614494,35.44242239507946,-5.60220755701412,1.0
13.543230116450417,35.408764856466775,-5.669135322181175,1.0
13.583183935130677,35.37222880783983,-5.737956247982826,1.0
13.630548216536795,35.33856349194622,-5.813846782848115,1.0
13.671966927756728,35.29703668923733,-5.886406390531155,1.0
13.71951945719556,35.25991324648811,-5.965905841089715,1.0
13.76812603037547,35.219908345030206,-6.047307321781391,1.0
13.816939596079862,35.17884074513998,-6.129634138468386,1.0
13.865957018058396,35.136726548308786,-6.212872270908335,1.0
13.922375198243913,35.09747433346092,-6.303172133494973,1.0
13.972440054836,35.05247427587409,-6.388325325728832,1.0
14.029278829198091,35.01110106620848,-6.480462830645331,1.0
14.079958390862913,34.96294511630748,-6.5683639903804,1.0
14.1372080140236,34.91946261126856,-6.662338147045169,1.0
14.195084477621322,34.87521524029182,-6.756389721173974,1.0
14.245745294794375,34.82466386196751,-6.846974460607008,1.0
14.303835360044104,34.77935819460535,-6.941938341070356,1.0
14.361489222875917,34.73376199214624,-7.037762179144162,1.0
14.419783144399787,34.687409727843146,-7.133637375360475,1.0
14.477640863505684,34.6407669284431,-7.230372529187232,1.0
14.53593792127998,34.59439856264859,-7.326261745645898,1.0
14.594241547322667,34.548055049095495,-7.422144820779158,1.0
14.645529245791806,34.49671835463886,-7.512800089340869,1.0
14.703832871834493,34.45037484108576,-7.608683164474115,1.0
14.760843539723822,34.40555080196202,-7.70444162416306,1.0
14.819369807391524,34.36053566969679,-7.798545547015962,1.0
14.876183228134295,34.31676262956097,-7.893379661291178,1.0
14.927505984741572,34.26783451632454,-7.981346199411121,1.0
14.984328404598187,34.22646860405649,-8.073495743406793,1.0
15.034810719116422,34.17936365314333,-8.160472557728145,1.0
15.091238644679919,34.14009973885098,-8.25077341089636,1.0
15.141096508747495,34.09616237969652,-8.335001267134897,1.0
15.190113930726,34.05404818286536,-8.41823939957486,1.0
15.238710799387093,34.014034530657426,-8.49963300134959,1.0
15.28710377091491,33.975087925584944,-8.580122175706727,1.0
15.335085893644134,33.93825061588572,-8.658774698315606,1.0
15.38267352208021,33.90351530416223,-8.735578530097008,1.0
15.423038189559065,33.864869960162025,-8.806236107646946,1.0
15.469151180077517,33.83513710196496,-8.879300266965371,1.0
15.508490293685043,33.80175694565227,-8.945373225265785,1.0
15.547861329180336,33.770801472051176,-9.00874343288209,1.0
15.578742504589371,33.737456893955226,-9.065838610660329,1.0
15.616008629711928,33.712227786085606,-9.125411889917352,1.0
15.646290708289627,33.684450630218606,-9.177061500254077,1.0
15.675974395440932,33.6598425194627,-9.225957992345744,1.0
15.704604079710265,33.638095417220995,-9.27294556596891,1.0
15.732402321004429,33.62057860517032,-9.316258845513959,1.0
