[7.455, 39.932, 5.59]
[7.478, 39.916, 5.55]
[7.504, 39.898, 5.5]
[7.531, 39.879, 5.44]
[7.561, 39.858, 5.39]
[7.593, 39.836, 5.33]
[7.626, 39.812, 5.26]
[7.662, 39.787, 5.19]
[7.699, 39.761, 5.12]
[7.738, 39.734, 5.05]
[7.778, 39.706, 4.97]
[7.82, 39.676, 4.89]
[7.863, 39.646, 4.81]
[7.908, 39.615, 4.72]
[7.954, 39.583, 4.63]
[8.0, 39.55, 4.54]
[8.048, 39.516, 4.45]
[8.097, 39.482, 4.36]
[8.147, 39.447, 4.26]
[8.197, 39.412, 4.16]
[8.248, 39.376, 4.06]
[8.3, 39.34, 3.97]
[8.352, 39.303, 3.86]
[8.405, 39.266, 3.76]
[8.458, 39.229, 3.66]
[8.511, 39.192, 3.56]
[8.564, 39.155, 3.46]
[8.617, 39.118, 3.35]
[8.67, 39.08, 3.25]
[8.723, 39.043, 3.15]
[8.776, 39.006, 3.05]
[8.829, 38.969, 2.95]
[8.881, 38.933, 2.85]
[8.932, 38.897, 2.75]
[8.983, 38.861, 2.65]
[9.034, 38.826, 2.55]
[9.083, 38.791, 2.46]
[9.132, 38.757, 2.36]
[9.18, 38.724, 2.27]
[9.226, 38.691, 2.18]
[9.272, 38.659, 2.09]
[9.316, 38.628, 2.01]
[9.359, 38.598, 1.92]
[9.401, 38.569, 1.84]
[9.441, 38.541, 1.76]
[9.479, 38.514, 1.69]
[9.516, 38.488, 1.62]
[9.551, 38.463, 1.55]
[9.585, 38.44, 1.48]
[9.616, 38.418, 1.42]
[9.645, 38.398, 1.37]
[9.732, 38.337, 1.19]
[9.807, 38.285, 1.05]
[9.87, 38.241, 0.92]
[9.924, 38.204, 0.81]
[9.969, 38.172, 0.72]
[10.007, 38.146, 0.63]
[10.04, 38.123, 0.56]
[10.069, 38.103, 0.5]
[10.095, 38.086, 0.44]
[10.12, 38.068, 0.39]
[10.145, 38.051, 0.34]
[10.172, 38.032, 0.28]
[10.202, 38.012, 0.22]
[10.237, 37.987, 0.15]
[10.278, 37.959, 0.07]
[10.278, 37.959, 0.07]
[10.322, 37.928, -0.01]
[10.367, 37.897, -0.09]
[10.412, 37.865, -0.18]
[10.458, 37.834, -0.26]
[10.504, 37.802, -0.35]
[10.55, 37.769, -0.43]
[10.597, 37.737, -0.51]
[10.643, 37.704, -0.6]
[10.69, 37.672, -0.68]
[10.737, 37.639, -0.76]
[10.784, 37.605, -0.85]
[10.83, 37.572, -0.93]
[10.877, 37.538, -1.01]
[10.923, 37.504, -1.1]
[10.969, 37.47, -1.18]
[10.969, 37.47, -1.18]
[11.015, 37.436, -1.26]
[11.061, 37.401, -1.35]
[11.107, 37.365, -1.43]
[11.153, 37.33, -1.51]
[11.198, 37.294, -1.59]
[11.244, 37.258, -1.68]
[11.29, 37.222, -1.76]
[11.335, 37.186, -1.84]
[11.381, 37.149, -1.92]
[11.427, 37.113, -2.01]
[11.473, 37.076, -2.09]
[11.518, 37.04, -2.17]
[11.564, 37.003, -2.25]
[11.61, 36.967, -2.34]
[11.656, 36.931, -2.42]
[11.656, 36.931, -2.42]
[11.702, 36.895, -2.5]
[11.748, 36.859, -2.58]
[11.839, 36.787, -2.75]
[11.885, 36.75, -2.83]
[11.931, 36.714, -2.91]
[11.977, 36.678, -3.0]
[12.022, 36.642, -3.08]
[12.069, 36.606, -3.16]
[12.115, 36.57, -3.24]
[12.161, 36.533, -3.33]
[12.208, 36.497, -3.41]
[12.302, 36.424, -3.57]
[12.349, 36.388, -3.66]
[12.349, 36.388, -3.66]
[12.397, 36.351, -3.74]
[12.446, 36.315, -3.82]
[12.494, 36.279, -3.9]
[12.543, 36.242, -3.98]
[12.592, 36.206, -4.06]
[12.641, 36.17, -4.15]
[12.691, 36.134, -4.23]
[12.74, 36.097, -4.31]
[12.79, 36.061, -4.39]
[12.839, 36.024, -4.47]
[12.889, 35.987, -4.55]
[12.939, 35.95, -4.63]
[12.988, 35.912, -4.71]
[13.038, 35.875, -4.79]
[13.087, 35.837, -4.87]
[13.087, 35.837, -4.87]
[13.137, 35.798, -4.95]
[13.187, 35.76, -5.03]
[13.237, 35.721, -5.11]
[13.287, 35.682, -5.19]
[13.337, 35.643, -5.27]
[13.387, 35.604, -5.35]
[13.437, 35.565, -5.43]
[13.487, 35.525, -5.51]
[13.537, 35.485, -5.59]
[13.587, 35.445, -5.67]
[13.636, 35.405, -5.75]
[13.686, 35.364, -5.83]
[13.734, 35.324, -5.91]
[13.783, 35.283, -5.99]
[13.83, 35.242, -6.07]
[13.83, 35.242, -6.07]
[13.875, 35.203, -6.14]
[13.915, 35.167, -6.21]
[13.951, 35.133, -6.27]
[13.985, 35.101, -6.33]
[14.017, 35.07, -6.39]
[14.049, 35.038, -6.45]
[14.082, 35.006, -6.51]
[14.117, 34.971, -6.57]
[14.155, 34.934, -6.64]
[14.198, 34.893, -6.72]
[14.245, 34.847, -6.81]
[14.3, 34.797, -6.9]
[14.362, 34.739, -7.01]
[14.434, 34.675, -7.13]
[14.515, 34.603, -7.27]
[14.515, 34.603, -7.27]
[14.548, 34.574, -7.33]
[14.583, 34.543, -7.39]
[14.621, 34.509, -7.45]
[14.661, 34.474, -7.52]
[14.703, 34.438, -7.59]
[14.747, 34.399, -7.67]
[14.793, 34.36, -7.74]
[14.84, 34.318, -7.82]
[14.889, 34.276, -7.91]
[14.94, 34.232, -7.99]
[14.991, 34.188, -8.08]
[15.044, 34.142, -8.17]
[15.097, 34.096, -8.26]
[15.207, 34.001, -8.44]
[15.263, 33.953, -8.53]
[15.319, 33.905, -8.63]
[15.375, 33.856, -8.72]
[15.432, 33.807, -8.82]
[15.488, 33.759, -8.91]
[15.544, 33.71, -9.01]
[15.6, 33.662, -9.1]
[15.656, 33.614, -9.19]
[15.711, 33.566, -9.29]
[15.766, 33.519, -9.38]
[15.819, 33.473, -9.47]
[15.872, 33.428, -9.56]
[15.924, 33.383, -9.64]
[15.974, 33.34, -9.73]
[16.023, 33.298, -9.81]
[16.07, 33.257, -9.89]
[16.116, 33.218, -9.97]
[16.16, 33.18, -10.04]
[16.202, 33.144, -10.11]
[16.243, 33.109, -10.18]
[16.28, 33.076, -10.24]
[16.316, 33.046, -10.3]
[16.349, 33.017, -10.36]
[16.38, 32.991, -10.41]
[16.407, 32.967, -10.45]
